2021-01-09 01:08:41
500
522
510
508
517
508
521
529
535
517
518
514
498
498
514
509
514
499
512
507
508
508
518
521
509
510
521
500
509
511
525
482
518
526
519
509
503
507
509
500
513
506
520
507
513
499
506
536
527
531
496
527
523
507
514
510
530
508
519
525
507
507
522
506
519
505
510
507
509
493
512
518
511
509
512
504
510
509
515
514
513
503
529
511
515
515
516
503
519
507
530
503
511
513
518
515
526
520
508
507
509
505
520
522
530
501
512
501
509
506
518
509
522
510
507
508
513
512
511
501
520
506
515
514
512
519
513
514
509
514
511
516
522
504
521
511
514
506
511
503
517
509
508
502
521
507
516
508
504
502
502
505
511
534
497
503
512
513
507
508
524
508
519
502
516
515
514
534
502
504
512
510
505
506
515
503
498
515
546
507
511
509
498
513
495
530
517
523
531
503
512
513
565
483
532
519
508
504
515
513
498
508
535
508
521
502
520
519
535
513
515
504
510
514
513
511
512
514
506
509
520
525
531
508
518
510
514
509
519
494
513
511
516
503
516
505
515
536
517
495
514
499
522
524
517
506
513
504
525
502
515
518
525
519
530
515
528
496
515
513
511
503
492
508
521
488
521
512
526
515
515
516
507
499
504
520
521
502
511
515
524
502
504
498
519
512
516
520
529
511
499
509
536
481
529
508
544
498
516
515
542
506
507
502
518
528
516
553
495
542
482
528
536
523
527
479
505
511
512
508
509
539
518
496
510
501
544
497
509
530
509
503
521
517
510
518
511
504
487
499
513
501
505
501
521
519
520
494
542
512
497
515
506
521
497
502
531
505
515
508
515
511
492
509
521
499
512
512
518
508
515
500
515
505
547
505
495
519
542
504
518
505
515
514
515
484
520
506
508
515
509
563
512
488
513
500
547
494
528
528
544
483
484
519
510
514
496
492
529
522
511
510
513
505
505
495
540
520
532
485
511
511
513
508
505
534
509
509
519
499
524
516
507
507
529
501
511
507
510
517
503
508
514
505
512
513
513
508
529
509
516
510
504
516
517
498
532
514
519
507
519
494
513
496
502
504
543
507
515
510
501
515
515
507
514
510
513
506
523
509
504
497
526
509
499
519
505
508
519
493
506
500
517
504
531
518
533
510
523
527
521
90.0
95.0

2021-01-09 05:32:49
500
1022
303
1022
24
930
206
1022
112
953
0
1022
356
946
162
968
63
1022
175
986
87
1022
88
881
208
1022
168
1022
27
1022
314
907
0
1022
52
1022
0
1022
292
1022
24
438
259
974
186
1022
472
1022
29
885
36
927
256
1022
0
986
253
1022
67
978
153
1016
151
980
168
1022
159
1022
103
932
151
1022
319
1022
198
973
130
975
179
1021
179
982
181
1016
156
994
159
1022
175
1006
173
1021
166
982
171
1022
138
1018
141
992
184
1022
205
1022
153
1022
166
1020
141
1005
184
1022
157
976
123
1021
98
1021
94
1022
147
1022
259
756
210
1022
105
966
226
997
132
1022
311
1022
75
908
164
1022
113
1022
0
919
385
1022
161
982
60
1020
161
1020
109
1021
63
1019
0
1022
402
1022
134
916
0
1022
435
1022
0
809
179
1022
174
1022
79
1022
421
1021
68
1022
120
1022
204
687
98
1022
308
1022
83
1021
126
1022
163
1022
154
1022
82
1013
392
1021
168
1022
145
903
137
1022
190
1022
133
1022
159
1021
192
1022
111
1022
155
1022
165
1022
147
1022
277
830
323
1022
257
644
0
797
67
1022
147
1022
176
1022
90
1022
149
1022
87
1021
190
1022
180
1022
166
1021
131
1022
160
1022
146
1022
124
1022
0
1022
168
1022
137
1022
148
1022
153
1022
117
1022
162
1022
149
1003
182
1008
149
1021
173
1020
155
917
188
902
179
946
131
840
269
959
163
886
231
951
151
955
149
990
222
979
155
944
208
948
129
960
221
938
164
976
163
937
156
997
187
1022
124
966
127
920
263
812
214
873
160
948
137
953
177
954
167
979
196
955
143
971
183
937
149
797
228
1021
136
1021
125
758
251
856
404
690
302
528
411
860
29
786
753
689
438
813
427
728
240
818
347
766
306
728
333
764
224
751
217
828
360
880
323
934
0
997
0
1022
204
710
88
949
192
938
232
973
228
803
130
936
80
848
171
998
384
1022
67
1022
132
929
64
1022
192
878
143
829
222
906
167
934
66
450
578
1022
391
973
497
266
797
744
619
760
514
592
362
628
287
674
501
723
354
652
354
565
380
723
430
698
575
736
631
425
218
418
0
915
754
460
426
617
248
481
556
543
576
489
531
512
479
541
390
531
450
583
732
620
457
570
430
646
474
551
460
508
477
684
496
526
504
490
500
476
511
507
553
512
537
511
512
521
520
532
512
496
513
532
518
567
572
358
560
511
562
25.0
49.0

