2021-01-09 01:05:58
500
638
430
561
579
470
529
530
489
489
526
696
518
517
504
433
449
551
572
443
531
503
480
512
528
522
669
449
496
486
529
401
514
566
428
625
440
591
450
524
520
492
587
512
460
549
492
517
563
480
582
516
503
590
500
495
580
394
524
536
468
468
537
530
531
514
539
464
460
490
570
550
417
519
443
530
558
527
429
633
478
582
447
610
468
472
547
457
556
479
492
502
520
479
563
472
588
503
575
457
478
543
490
518
514
482
557
508
525
488
547
576
455
541
479
512
536
486
524
519
397
544
590
486
535
490
537
531
480
503
540
495
470
530
494
556
507
573
462
534
509
525
516
522
507
518
485
561
509
531
540
426
564
561
436
548
574
544
500
585
510
488
505
538
538
520
459
568
500
506
489
530
532
474
539
479
534
528
466
544
536
497
545
495
485
539
432
595
425
587
510
495
464
506
496
524
524
465
587
409
503
520
488
519
533
532
470
529
553
476
597
440
530
519
488
482
480
499
600
380
602
643
515
458
426
656
393
570
571
455
357
531
575
526
541
513
504
670
302
690
504
611
426
540
454
574
517
556
434
633
491
595
560
542
371
471
547
511
451
687
570
363
566
536
475
528
575
388
670
661
499
323
680
440
611
549
496
483
448
484
589
599
469
591
643
257
484
632
403
557
549
505
508
448
648
615
480
503
148
629
632
452
570
442
508
579
473
547
632
449
584
409
685
434
506
489
519
617
417
657
548
327
647
562
467
644
451
455
562
511
460
572
633
0
779
377
543
412
591
572
654
304
536
435
539
507
481
260
679
633
499
444
531
497
563
566
353
600
531
297
627
535
340
583
578
433
559
421
587
494
444
562
441
528
718
510
462
556
493
641
472
633
607
332
659
326
720
692
616
274
672
380
478
359
548
572
540
592
406
640
464
369
710
207
589
603
943
213
594
541
578
572
287
631
548
477
534
396
516
612
414
586
640
544
603
472
478
610
405
543
446
425
611
794
89
635
585
523
565
415
566
444
604
557
218
593
545
433
500
623
129
697
809
136
584
579
105
900
384
584
648
433
655
427
650
696
271
562
496
443
487
628
519
695
449
523
565
540
505
496
490
345
674
439
519
475
441
502
321
547
614
559
461
535
333
417
529
591
532
559
376
22.0
31.0

2021-01-09 01:06:24
500
515
508
512
510
524
500
519
509
514
509
515
509
524
505
511
504
520
509
515
511
517
507
515
506
527
513
518
506
519
508
515
512
514
509
514
502
519
508
524
507
513
510
514
512
514
511
514
504
508
503
510
508
516
506
515
508
508
505
508
509
521
508
517
506
513
507
514
503
515
498
511
502
515
505
521
505
519
513
519
512
519
512
518
506
514
507
512
514
522
505
518
506
512
507
522
509
517
506
514
512
511
502
514
508
513
503
510
508
508
502
520
503
518
507
509
509
510
514
510
510
519
509
508
510
519
518
516
508
517
511
507
505
507
504
515
509
514
513
519
503
513
503
511
502
517
503
515
511
518
508
515
513
519
507
509
516
510
512
505
517
512
518
496
511
521
502
525
481
521
527
500
525
483
515
531
509
493
513
476
493
537
471
525
480
504
502
537
494
542
535
483
464
579
509
499
431
516
505
536
495
412
560
510
408
523
678
464
481
421
596
411
538
594
488
539
456
577
451
470
514
447
524
543
436
553
593
455
534
551
335
584
431
494
523
602
350
593
512
467
604
388
391
513
622
411
571
533
429
545
560
562
469
478
559
463
655
531
506
498
427
432
602
529
596
398
534
536
472
523
451
518
532
518
552
458
662
507
543
430
479
563
547
641
502
605
452
543
458
520
504
505
479
564
404
627
511
474
522
370
600
549
594
550
506
460
582
487
545
508
585
490
536
518
525
541
461
459
495
633
396
549
432
477
491
509
542
423
600
513
376
639
516
499
504
538
455
440
581
511
422
629
554
438
457
518
497
489
574
412
471
516
529
493
519
544
516
508
517
584
504
390
696
448
486
551
426
597
443
474
650
518
526
465
606
494
385
540
487
619
455
594
420
583
445
508
522
516
564
370
540
536
550
423
547
418
489
537
529
532
508
546
440
613
535
451
580
540
408
525
505
552
543
585
432
462
554
575
497
550
551
449
536
526
482
545
638
368
482
520
505
426
550
571
564
547
551
527
586
472
534
463
539
526
456
513
401
482
502
576
391
590
474
515
456
599
447
540
462
536
514
537
505
542
443
592
497
472
436
584
572
435
536
465
485
494
491
549
389
631
459
526
484
497
482
505
545
540
508
602
451
533
532
522
537
435
629
549
434
552
595
25.0
37.0

2021-01-09 01:06:46
500
496
490
543
405
588
524
464
469
603
463
577
408
483
628
518
436
661
312
573
520
526
513
449
563
410
580
474
543
526
509
465
507
636
483
437
543
464
485
500
512
530
565
441
532
591
479
490
518
523
556
617
478
544
431
377
585
574
411
599
555
499
400
608
524
491
524
422
542
516
634
555
424
679
492
515
595
478
428
468
456
514
597
446
614
435
556
561
508
500
584
447
639
513
619
468
579
485
562
455
459
532
515
550
445
529
471
467
512
487
451
481
503
468
516
532
464
469
558
441
465
520
448
603
511
482
561
476
594
490
444
581
593
447
488
760
446
495
599
501
475
548
300
552
494
556
490
606
452
552
468
591
491
582
568
577
538
380
543
658
496
524
415
566
464
402
478
563
512
563
413
434
536
381
623
539
227
456
592
300
663
438
619
424
600
553
413
447
634
363
659
493
515
595
506
545
491
653
551
479
463
512
561
476
549
740
353
705
506
527
667
362
507
410
607
482
479
660
646
486
416
752
262
461
610
468
517
595
538
529
532
620
499
433
600
323
439
388
623
560
451
514
635
356
583
457
423
464
486
449
751
455
428
421
674
480
551
340
661
365
736
344
682
696
383
602
515
493
660
462
419
678
507
461
505
563
396
604
427
599
290
523
580
452
470
543
226
630
614
557
439
621
485
392
633
553
291
665
491
419
476
458
526
410
683
516
464
467
451
622
425
515
529
524
517
521
220
532
530
605
358
596
366
702
558
569
466
477
394
324
662
492
367
822
227
525
594
413
552
551
262
544
321
599
502
508
564
504
176
700
469
463
585
302
409
564
579
408
501
520
437
631
509
558
519
437
708
247
419
645
649
436
532
582
409
655
130
658
295
556
547
624
455
624
336
633
550
512
539
294
714
516
279
673
435
460
594
412
402
545
643
460
584
440
439
486
556
507
569
504
255
543
516
502
548
495
632
524
529
575
565
465
556
450
529
506
571
505
510
397
410
625
503
491
540
512
569
651
167
610
469
515
403
679
323
591
568
477
492
423
440
357
605
523
444
579
564
271
739
476
567
482
504
415
549
604
470
533
497
568
293
642
423
469
564
528
521
511
561
460
587
367
593
330
525
510
502
518
443
642
353
544
688
431
504
518
510
475
578
503
579
40.0
50.0

