2021-01-01 11:58:13
90.0
120.0
500
0
1022
0
1022
0
1022
0
1022
0
1022
0
1022
0
1022
0
1022
0
1022
0
1022
0
1022
0
1022
0
1022
0
1022
0
1022
0
1022
0
1022
0
1022
0
1022
0
1004
0
1021
0
1022
0
1020
0
981
0
1022
0
1022
0
1022
0
1014
0
1021
0
1019
0
1021
0
1018
0
1022
0
1021
0
1016
0
1022
0
1022
0
1022
0
1021
0
1022
0
1022
0
1022
0
1001
0
1022
0
1021
0
1018
0
1022
0
968
0
988
0
1021
0
1021
0
1022
0
1020
0
1022
0
1021
0
1022
0
1022
0
1022
0
1022
0
1022
0
1022
0
1022
0
1022
0
1022
0
1022
0
1022
0
1022
0
1022
0
1022
0
1022
0
1022
0
1022
0
1022
0
1022
0
1022
0
1022
0
1022
0
1022
0
1022
0
1022
0
1022
0
1022
0
1022
0
1022
0
1022
0
1022
0
1022
0
1022
0
1022
0
1022
0
1022
0
1022
0
1022
0
1022
0
1021
0
1022
0
1022
0
1020
0
1022
0
1022
0
1022
0
1022
0
1022
0
1022
0
1022
0
1022
0
1022
0
1022
0
1022
0
1022
0
1022
0
1022
0
1022
0
1022
0
1022
0
1022
0
1022
0
1022
0
1022
0
1022
0
1022
0
1022
0
1022
0
1022
0
1022
0
1022
0
1022
0
1022
0
1022
0
1022
0
1022
0
1022
0
1022
0
1022
0
1022
0
1022
0
1022
0
1022
0
1022
0
1022
0
1022
0
1021
0
1003
0
1021
0
1021
0
969
0
980
0
955
0
985
0
970
0
958
0
961
46
974
33
910
0
930
44
954
61
939
57
953
41
923
66
915
68
923
76
888
57
893
93
880
79
856
76
863
125
860
145
846
103
857
144
835
163
823
158
792
197
782
178
764
220
777
238
776
227
777
256
752
262
704
279
731
275
745
255
696
262
727
287
705
304
695
249
711
279
680
316
691
283
689
293
729
286
660
302
711
319
703
321
653
321
615
316
734
334
677
348
611
411
628
389
640
379
625
375
626
370
593
400
638
399
613
373
614
391
595
413
585
348
610
371
642
408
623
412
601
359
634
390
633
385
617
410
629
381
604
394
596
650
575
393
595
412
607
368
580
409
599
447
599
401
617
403
612
405
599
445
614
424
579
416
574
438
584
425
571
468
568
437
551
427
572
439
582
432
535
458
558
446
567
451
543
467
572
444
598
456
568
473
569
426
556
464
570
437
569
459
538
489
544
450
540

2021-01-01 11:59:06
92.0
125.0
500
0
1022
0
1022
0
1022
0
1022
0
1022
0
1022
0
1022
0
1022
0
1022
0
1022
0
1022
0
1022
0
1022
0
1022
0
1022
0
1022
0
1022
0
1022
0
1022
0
1022
0
1022
0
1022
0
1022
0
1022
0
1022
0
1022
0
1022
0
1022
0
1022
0
1022
0
1022
0
1022
0
1022
0
1022
0
1022
0
1022
0
1022
0
1022
0
1022
0
1022
0
1022
0
1022
0
1022
0
1022
0
1022
0
1022
0
1022
0
1022
0
1022
0
1022
0
1022
0
1022
0
1022
0
1022
0
1022
0
1022
0
1022
0
1022
0
1022
0
1022
0
1022
0
1022
0
1022
0
1022
0
1022
0
1022
0
1022
0
1022
0
1022
0
1022
0
1022
0
1022
0
1022
0
1022
0
1022
0
1022
0
1022
0
1022
0
1022
0
1022
0
1022
0
1022
0
1022
0
1022
0
1022
0
1022
0
1022
0
1022
0
1022
0
1022
0
1022
0
1022
0
1022
0
1022
0
1022
0
1022
0
1022
0
1022
0
1022
0
1022
0
1022
0
1022
0
1022
0
1022
0
1022
0
1022
0
1022
0
1022
0
1022
0
1022
0
1022
0
1022
0
1022
0
1022
0
1022
0
1022
0
1022
0
1022
0
1022
0
1022
0
1022
0
1022
0
1022
0
1022
0
1022
0
1022
0
1022
0
1022
0
1022
0
1022
0
1022
0
1022
0
1022
0
1022
0
1022
0
1022
0
1022
0
1022
0
1022
0
1022
0
1022
0
1022
0
1022
0
1022
0
1022
0
1022
0
1022
0
1022
0
1022
0
1022
0
1022
0
1022
0
1022
0
1022
0
1022
0
1022
0
1022
0
1022
0
1022
0
1022
0
1022
0
1022
0
1022
0
1022
0
1022
0
1022
0
1022
0
1022
0
1022
0
1022
0
1022
0
1022
0
1022
0
1022
0
1022
0
1022
0
1022
0
1022
0
1022
0
1022
0
1022
0
1022
0
1022
0
1022
0
1022
0
1022
0
1022
0
1022
0
1022
0
1022
0
1022
0
1022
0
1022
0
1022
0
1022
0
1022
0
1022
0
1022
0
1022
0
1022
0
1022
0
1022
0
1022
0
1022
0
1022
0
1022
0
1022
0
1022
0
1022
0
1022
0
1022
0
1022
0
1022
0
1022
0
1022
0
1022
0
1022
0
1022
0
1022
0
1022
0
1022
0
1022
0
1022
0
1022
0
1022
0
1022
0
1022
0
1022
0
1022
0
1022
0
1022
0
1022
0
1022
0
1022
0
1022
0
1022
0
1022
0
1022
0
1022
0
1022
0
1022
0
1022
0
1022
0
1022
0
1022
0
1022
0
1022
0
1022
0
1022
0
1022

